0 21.266233766233768 0.2389217352667673 0.49592517556842386
10 21.473665223665222 0.47484434090417516 0.9429242063143662
20 34.140512265512264 0.7617867448978674 1.5228211593924843
30 57.066197691197694 1.0208415879599768 2.045256561085308
40 72.41612554112554 1.2042673461313476 2.4590614623125266
50 75.48701298701299 1.2872022962941698 2.5921870166118604
60 76.94354256854257 1.297995979177344 2.649544113307374
70 74.61670274170274 1.2762476202055153 2.5699615132792983
80 77.25018037518038 1.3097711027690746 2.6789821342123923
90 79.63564213564213 1.3698039943972404 2.821656294956437
100 79.09000721500722 1.342093136062487 2.7932473479912048
110 77.87247474747474 1.3231885810456594 2.7126642778778765
120 77.98069985569985 1.3494449981823742 2.715414570331519
130 77.29978354978356 1.3352939240386554 2.7037038927462502
140 77.89051226551227 1.329369448066333 2.708112107566771
150 77.78228715728716 1.2958954033075407 2.6869397757796594
160 78.43614718614718 1.333604283275736 2.744352224487544
170 78.00324675324676 1.3643573939896785 2.740833033055865
180 78.95021645021644 1.3566002760639069 2.7837454589114436
190 75.91089466089466 1.2976980558848605 2.6274852121308996
200 76.7812049062049 1.303829388492803 2.6835030955862336
