0 93.69469696969696 0.313799126335429 0.8789613847663865
10 93.69469696969696 0.6422827425445807 1.7245390661563005
20 93.7969696969697 1.0985122268443044 2.9037534089761903
30 94.69242424242424 1.5239151293050626 3.9358758072103717
40 95.19318181818181 1.813071571045676 4.602103751610638
50 95.35151515151516 1.867268060914637 4.5831749973053055
60 94.96212121212122 1.9799771460155604 4.9218471356485525
70 95.02121212121212 1.9867620069793093 4.910881564427522
80 94.99469696969697 2.1591348478721244 5.415002677470149
90 94.9689393939394 2.259754148678644 5.692169866767566
100 94.88712121212122 2.039317687105888 5.158404730452836
110 94.95151515151515 2.1825409177647352 5.491361286718083
120 94.97727272727273 2.069523291596923 5.149415290965837
130 94.98257575757576 2.0077265382959313 5.001992851893203
140 94.98030303030303 2.134953636325201 5.355567585393584
150 94.92348484848485 1.9618286979576256 4.817565972861169
160 95.06742424242424 2.0347839970364143 4.999423880853805
170 94.98409090909091 2.1494078953714566 5.384069834472497
180 95.00984848484849 2.2880763917571136 5.720867049166979
190 95.02878787878788 2.1292489315206353 5.3313465930372
200 94.95454545454545 2.1319181780844416 5.358440969170221
